(100000, 10, 1) (100000, 10, 1)
[[ 5.68643532]
 [ 8.15518621]
 [12.35698766]
 [ 0.89216577]
 [15.44186144]
 [ 2.09356261]
 [16.01912474]
 [11.67690246]
 [ 7.19386201]
 [ 6.16608385]]
[[ 1.08304749]
 [ 5.68451256]
 [15.34775542]
 [ 1.22295623]
 [15.03373221]
 [14.83951147]
 [ 7.84946302]
 [ 7.45288082]
 [17.68511497]
 [17.41639008]]
5.42124165956011
group particle 0 len 42490
group particle 1 len 6400
group particle 2 len 6196
group particle 3 len 6327
group particle 4 len 6427
group particle 5 len 6443
group particle 6 len 6416
group particle 7 len 6416
group particle 8 len 6476
group particle 9 len 6409
(42490, 10) (42490, 10) (42490,)
currentg=0
groups
[19.01253657  1.17578858  9.81586855 16.31620665  8.27083172 11.52870966
 13.79995339  6.18320603 12.08111565 18.52785833]
[17.06228987 10.49537989  1.09391648 18.23634369 15.75438617  3.71702134
  1.32458087 12.53302551 12.91951305 17.55040189]
0.0
88203.2265625
735.135498046875
42.698673248291016
1.6958173513412476
0.01608588546514511
8.996383257908747e-06
8.031206810699132e-10
4.4516119956970215
4.574787215716469e-09
7.397594758984383e-10
6.305190258792948e-10
2.673334265068661e-08
9.369924836022392e-10
9.130290967718224e-10
8.955219343853571e-10
0 EVALUATION
4.383231197586092e-10
currentg=1
groups
[ 3.18049405  0.19962158  1.71283535 12.5231936   4.68656561  2.57566073
  7.82903469  2.49689409 12.98211126  6.33891014]
[ 4.01586747  0.11510797  1.26036292 16.92684893  4.51035187 14.15851925
 19.2619588  13.36589622  6.84780538  0.34234465]
9.484961224013887
155225.15625
1766.5076904296875
371.0159606933594
87.81155395507812
25.643369674682617
12.240321159362793
8.945319175720215
6.405373573303223
3.789598226547241
2.162898540496826
1.2529245615005493
7.442022800445557
0.42653974890708923
0.2503928542137146
0.14556026458740234
1 EVALUATION
0.09016361663416417
currentg=2
groups
[16.19198559  8.33009568 17.61713899 15.29513662 12.3746161   4.90180955
 14.67536505  1.70299808  5.944333   19.96778578]
[17.72094086  0.70746933 17.19352771  9.34213835 13.02851705 19.8373644
  3.61077314 16.82392001  3.28504574 11.97845795]
1.2587482017740967
59221.16015625
356.1070556640625
40.6087532043457
10.120931625366211
4.781153678894043
2.5562186241149902
1.1408169269561768
0.5609598159790039
0.29557329416275024
0.16069114208221436
0.08984710276126862
0.050394900143146515
0.028706233948469162
0.030918516218662262
0.009504161775112152
2 EVALUATION
0.246796364697478
currentg=3
groups
[ 5.68643532  8.15518621 12.35698766  0.89216577 15.44186144  2.09356261
 16.01912474 11.67690246  7.19386201  6.16608385]
[ 1.08304749  5.68451256 15.34775542  1.22295623 15.03373221 14.83951147
  7.84946302  7.45288082 17.68511497 17.41639008]
5.42124165956011
56918.12109375
558.3145751953125
57.94235610961914
8.636819839477539
1.8117940425872803
1.0724446773529053
0.6360053420066833
0.3626181185245514
0.20854584872722626
0.12078854441642761
0.07005324959754944
0.04101394861936569
0.023859785869717598
0.013898050412535667
0.013443858362734318
3 EVALUATION
0.0050893609706511075
currentg=4
groups
[ 6.11818451  2.10607526  2.40895425  5.90612519  0.33883303 17.22558817
 19.95527133 18.86814847  9.25714429 13.1388719 ]
[ 4.95670477 13.64156423 17.44339445  9.90811345  7.77365123 15.25937
  9.22554849  6.31804518 10.83456963 11.58356236]
2.1714732844598075
101345.140625
766.9963989257812
93.65150451660156
27.600893020629883
10.747627258300781
6.919702529907227
5.316130638122559
3.683488368988037
2.296245813369751
1.335788607597351
0.7377170920372009
0.4184763729572296
0.22421881556510925
0.12411987781524658
0.06833148747682571
4 EVALUATION
0.05493399600301132
currentg=5
groups
[11.47465884  8.72773939 18.38611545  3.35364781  3.2727882  17.80591732
 16.10671615  3.35447604  1.91479496 19.19695271]
[ 9.7460715   3.49599916  2.41320874 13.94609977 12.61485631 10.68435784
  2.14000011 18.80528794 15.33482313  2.33499012]
3.7849448305266833
55871.98828125
345.6046447753906
42.87587356567383
13.97934627532959
9.12025260925293
6.063699722290039
4.113493919372559
2.124786853790283
1.9739114046096802
0.6799575090408325
0.38634440302848816
0.21776914596557617
0.1241304948925972
0.07046603411436081
0.7574055790901184
5 EVALUATION
0.02392501303298108
currentg=6
groups
[ 2.97414928 14.20434731  4.20155917  5.73875187 15.4250881   6.46791442
  1.80815743 18.55104514  9.71143365 18.72266134]
[ 6.2648469  13.40513482 17.24897889 19.47852828 13.93539208 12.0920324
  4.92718652 14.74072515  3.82861158  0.50943185]
5.573783735966117
59865.16015625
438.1671142578125
53.58777618408203
13.503753662109375
6.768108367919922
4.121558666229248
4.192936420440674
1.0997536182403564
0.6060237288475037
0.35880735516548157
0.19645071029663086
1.6897168159484863
0.5412911176681519
0.03781460225582123
0.02192329429090023
6 EVALUATION
0.08758005683612882
currentg=7
groups
[11.189549    9.32284543  5.70095904 16.80502532  2.52034688  0.43293568
 15.16734199 11.03332181  6.90417312  1.71318018]
[17.89716615  3.9939525  16.5255793   4.12757931 18.66707969 13.32149861
 16.35683726 19.43080185  2.69377225 10.28092697]
3.26388978968248
32643.9375
82.6389389038086
5.105851173400879
1.3806220293045044
0.8964903950691223
0.532927393913269
0.36309316754341125
0.1830967217683792
0.10723306238651276
0.06224280595779419
2.3761157989501953
0.02122863568365574
1.4496670961380005
0.007226523011922836
4.603456974029541
7 EVALUATION
0.07494886491528463
currentg=8
groups
[16.9902267  19.62553277  4.82939394  5.69432067  8.00525892 19.20075339
  5.33657293 18.47271998 18.66859437  3.44290883]
[19.02889649 11.95615915 12.56500699  6.6992095   4.54491166 17.41692135
  8.56158872  7.18115697 18.31795658  5.65228561]
1.1635910263876212
162351.328125
1563.713134765625
298.2480773925781
79.2250747680664
23.930084228515625
10.593753814697266
7.535855770111084
5.305365562438965
3.0682637691497803
1.7132346630096436
0.9718605875968933
0.594963550567627
0.3181830942630768
0.7955979108810425
0.10476557165384293
8 EVALUATION
0.05996280325613557
currentg=9
groups
[ 2.7012597  18.51673406 18.76294181  9.21013337  6.71056568 11.09455672
 12.69481713 18.08332894 13.7644155   1.60586506]
[11.9853519   7.41961317  6.4706148   7.30846714 19.54777367 12.63226462
 16.7143636   5.86331881 16.9737852  16.46198701]
3.883365469543378
45835.40625
330.3450622558594
23.8636474609375
4.335448741912842
2.5509896278381348
1.5457119941711426
0.8539543747901917
0.4829835891723633
1.6687108278274536
0.1594097763299942
0.0919809564948082
0.05321919173002243
0.21774236857891083
0.01790875941514969
0.3101074993610382
9 EVALUATION
0.007106219739632209
