(10000, 20, 1) (10000, 20, 1)
[[11.12483588]
 [13.92736038]
 [ 1.36517841]
 [12.74991016]
 [12.57815829]
 [ 5.18661411]
 [ 3.98739143]
 [ 2.65006899]
 [17.33291742]
 [10.64937404]
 [ 6.41110394]
 [ 3.27350232]
 [15.95829172]
 [ 3.18388954]
 [ 1.80572574]
 [18.93388752]
 [ 0.96796084]
 [ 2.07176662]
 [ 2.06491499]
 [18.36812986]]
[[ 2.26979468]
 [ 4.58675532]
 [ 4.66563973]
 [ 0.78160924]
 [15.35507787]
 [ 7.04428199]
 [13.18671269]
 [ 2.90971862]
 [14.64899459]
 [ 6.23995932]
 [ 6.00803898]
 [ 1.61017279]
 [ 6.55759221]
 [10.07594435]
 [ 0.80821283]
 [14.77411933]
 [ 4.89630455]
 [10.40324937]
 [ 6.68256282]
 [18.19403882]]
2.546059214246725
group particle 0 len 2653
group particle 1 len 388
group particle 2 len 401
group particle 3 len 398
group particle 4 len 399
group particle 5 len 343
group particle 6 len 407
group particle 7 len 362
group particle 8 len 379
group particle 9 len 356
group particle 10 len 369
group particle 11 len 398
group particle 12 len 427
group particle 13 len 388
group particle 14 len 377
group particle 15 len 379
group particle 16 len 378
group particle 17 len 425
group particle 18 len 376
group particle 19 len 397
(2653, 20) (2653, 20) (2653,)
currentg=0
groups
[ 0.88331434  6.25254481  8.46301299  4.90293916 12.00986531 13.7800365
  6.86114574 18.8509317  11.50037257 10.45399277 17.56094321 19.0435047
 16.61460498 17.87755157  1.36676758  0.40186317  0.95751747  4.01080097
 12.4653887  13.92451371]
[18.59753609  7.63519107  1.04635858  8.87239945 10.68472528  6.30233543
 17.11069994 19.41997673  1.98394711 13.88219562 10.04005764 16.68102693
  8.13386196  5.76692797  8.45985824  9.85977404 11.90179783  6.36619125
 19.43023014 18.29370844]
0.0
227679.609375
3304.984619140625
395.6564636230469
39.73340606689453
2.7075791358947754
0.07456714659929276
0.0019421940669417381
0.07899438589811325
0.0008742903009988368
8.854269981384277e-05
4.857113111711442e-08
2.1845409037268837e-08
2.0408474910027508e-08
1.8374002763721364e-08
1.1373392005964433e-08
0 EVALUATION
1.9792041835972152e-08
currentg=1
groups
[16.0890983  17.56398014  0.56737426  8.39241635  5.31890013  3.95548607
 18.39799835  6.29797073  2.52537602 13.18435423 13.63161342 15.27459337
 10.58427681 11.91693459  8.30697244  8.28810221  3.28568558 12.91443727
 16.46079581  6.39363555]
[ 1.96025562  0.89162568 14.05129529  7.8245088  15.7364325  12.45475314
  7.00623496 19.10074715 19.65020461  7.83106575 11.15797636 14.53107259
  8.74383552  5.12854738 13.96591447  5.57162916  0.96203636  8.62660846
 17.30126956 17.99973629]
3.6519467757352686
143117.59375
336.2494812011719
57.14434814453125
16.345842361450195
6.991644859313965
3.839979410171509
4.65888786315918
1.6604764461517334
1.1908698081970215
0.89727783203125
0.6663789749145508
0.5114495158195496
0.39798152446746826
0.3090958297252655
9.923727989196777
1 EVALUATION
1903.805785517774
currentg=2
groups
[ 3.14762151  6.5885542   0.20223129 12.62353293 18.40085631 14.60017714
  1.50731217  8.11182218 15.1644173   4.87182855 15.19791505  0.82930917
  7.62502513 13.73948188  4.56059101 12.00263345  5.85515878 19.22894318
  5.50399518 13.22033232]
[ 6.45381117 16.12155224  5.84994093  1.25285343 16.69557896 16.1724845
 17.03488874 10.30610975 16.40390261 12.66545237 10.85279942 15.38387227
  9.84826254  9.25767232 17.66966325  4.50049552  3.88189887 10.79442292
 12.43854655  4.04356306]
4.113007876986103
409249.125
2817.4130859375
633.2271728515625
195.2451629638672
71.43405151367188
28.9698486328125
12.407262802124023
6.766702651977539
4.174050331115723
2.81068754196167
2.0346431732177734
6.115336894989014
1.201452612876892
0.958615779876709
0.7768988609313965
2 EVALUATION
3410.1996668960037
currentg=3
groups
[11.12483588 13.92736038  1.36517841 12.74991016 12.57815829  5.18661411
  3.98739143  2.65006899 17.33291742 10.64937404  6.41110394  3.27350232
 15.95829172  3.18388954  1.80572574 18.93388752  0.96796084  2.07176662
  2.06491499 18.36812986]
[ 2.26979468  4.58675532  4.66563973  0.78160924 15.35507787  7.04428199
 13.18671269  2.90971862 14.64899459  6.23995932  6.00803898  1.61017279
  6.55759221 10.07594435  0.80821283 14.77411933  4.89630455 10.40324937
  6.68256282 18.19403882]
2.546059214246725
587185.0
3520.46044921875
855.4368286132812
281.4078369140625
107.67222595214844
44.61972427368164
19.783756256103516
10.144882202148438
6.1862335205078125
15.718172073364258
2.965280771255493
2.205514669418335
75.95001983642578
1.3336822986602783
1.0649032592773438
3 EVALUATION
1548.7212423097346
currentg=4
groups
[18.90089876 14.75001277  9.49437144 19.4406758  17.36030651 16.26465338
 14.57600283 13.30080968  5.86576265  3.6751414  16.02769676 19.32707792
 19.66447533 16.01194811  4.47681492 13.75355552 13.6697592   8.55049001
 11.47302087  3.55928872]
[ 7.72093827  8.69233118 12.19503282 11.23052455  3.04790834 16.57385738
 19.92076252 10.91426964 14.17002368  6.86389219 14.11360671 18.88310682
  9.57141119  8.68895848 13.73003513 11.38547499 16.06983731 18.05928933
 17.35242716 16.13960214]
3.014322756253023
176051.765625
1786.975830078125
360.28387451171875
125.03224182128906
49.21540451049805
19.748506546020508
9.960921287536621
174.5123291015625
3.6782360076904297
2.486157178878784
1.7630077600479126
1.297265887260437
40.33959197998047
0.7536138296127319
0.5901401042938232
4 EVALUATION
860.1302210345395
currentg=5
groups
[ 8.38151847  5.15966104 16.6831159   3.87350057 16.11225902  4.51664219
  5.9516944   7.82166033  8.66608263 15.59112179  8.65359967 16.56987774
 12.02957905 16.52383395  3.91049372  1.08845996  7.55770895 14.59517679
 13.4081852  18.66355212]
[ 9.09249891 18.35405503  9.32996016 11.06501395  9.47088115  1.79265298
 14.24729154  9.17702358 12.83596414 17.4458237  11.19907516 13.7017333
 15.3603891  16.45223164  6.12423268 19.83711725  4.53985943 14.17110639
  0.03932668 19.16067521]
5.560490645941172
349723.0625
2205.8701171875
462.0105895996094
136.4919891357422
47.480384826660156
16.161663055419922
5.250568866729736
4.6119184494018555
0.9267688393592834
0.5759891271591187
0.2172730714082718
0.11382437497377396
0.0649571567773819
0.0345325842499733
0.01963036321103573
5 EVALUATION
2843.8253604116635
currentg=6
groups
[ 4.28923731 10.6491428   4.6830821   0.6111113  18.65526759 13.62643207
  3.25126163 12.19062968  6.32045631  3.46817442  7.68026176  6.38415837
  7.46903919  7.07289343  3.69709494 12.6578537  11.72055334 15.521551
 16.40223428 10.58232601]
[18.47083452 10.85192627  0.81919763 17.36208963  4.43044741 18.04463329
 19.97325517 19.97858025  0.338672    7.3565453  16.83193258 15.22137906
  5.37739237  4.2826257  18.16479675 10.0082281  12.53985871  5.62938782
 13.76753698  0.13303916]
3.213075822263363
214041.1875
928.0263671875
186.6810760498047
66.03287506103516
235.05331420898438
14.670507431030273
9.278790473937988
6.30264949798584
4.466115951538086
3.692387580871582
2.4238545894622803
1.8320831060409546
1.4483411312103271
1.0871896743774414
0.89208984375
6 EVALUATION
2179.8583125839123
currentg=7
groups
[13.96944117  2.05600185  3.54999927 13.19767371  6.1997374  12.34756786
  8.78590489 19.63630335 11.12121735  9.21867156  1.27828743  7.61176917
 15.86612706  7.52477468  1.99213086  1.05531311  0.64968385 11.11853896
 11.02090481  5.18920075]
[14.52821894  3.26750625  2.7887357   8.41106335  7.36650631  6.23652712
  3.12946337  9.76715758  8.82872715 17.75423372  2.31660439 10.90939058
 13.61174633  8.78618146 17.03883269 17.48984407  0.15860181  0.70999485
  7.12343069 18.30347523]
1.4995414485306355
338851.84375
2117.5087890625
431.42071533203125
129.45181274414062
43.04893493652344
14.763192176818848
51.275184631347656
2.768815517425537
1.4872899055480957
0.871314525604248
0.5142913460731506
10.147994041442871
0.2845716178417206
0.13659067451953888
75.64046478271484
7 EVALUATION
3709.1064017206004
currentg=8
groups
[10.61910761 12.44878563 19.08498774 18.35577687 15.03840037 16.25261273
 17.95249438 12.75561037  1.48779293  2.80617175 16.95936446 15.29476455
 16.75558223 11.60669735  3.18510102 19.9038928  10.11735912 18.94596938
 12.48619362  5.80284596]
[ 8.81220287  2.95682697  2.21562435  7.34600523 14.49053485 15.38426732
  2.74378884  9.12599372  0.0219943  10.99816466  6.74941902  6.66458227
 17.36302615 18.20866225 17.24646793 15.82468039  1.12688463  0.5092149
  4.46331861 15.67177141]
5.063382341211764
110630.0390625
433.676513671875
74.77739715576172
22.851041793823242
31.990398406982422
5.718243598937988
3.3704755306243896
25.13631248474121
3.7022335529327393
0.9284303784370422
0.6471035480499268
0.5229789018630981
0.3408382833003998
0.26027655601501465
0.19445841014385223
8 EVALUATION
2501.615273045938
currentg=9
groups
[ 1.90131104 17.02960373 18.92760622  5.34937439 11.01838141  2.32740017
 19.26094681 15.47141911 18.23355122  0.38056781 14.5648618  11.60559697
  1.2380384  11.80327173 19.33851133 12.33718821  0.3441386  15.51253336
  7.37688038  9.7059029 ]
[17.76953635 10.30644401 15.22613573  5.68432461 16.55429643  8.23873412
  8.48623826 15.66269038 19.18969955 19.0749249   8.20777449  3.88952764
  3.81159931  3.27801099 11.79912143  2.37179946 18.10420025 17.14514105
  3.49446579 10.84128646]
4.469692559613122
255710.5
1598.8358154296875
341.86334228515625
94.98262786865234
30.68638038635254
10.392558097839355
4.104528427124023
3.6807010173797607
0.9569929242134094
3.2126708030700684
0.28235936164855957
0.1574852168560028
0.12067046016454697
0.053852379322052
0.032244253903627396
9 EVALUATION
2584.7868458576513
currentg=10
groups
[17.93189203  4.01978583 11.25590151 15.63498661  3.77208304  3.86017579
  0.46711886  7.48138124  9.09466925  1.18497348 19.3924414  12.93094402
 19.38515303 18.32910401 10.55115018 14.74035538  3.57974353  1.42349282
 16.54195126  6.28527909]
[10.61268759 14.53838021 18.91544915 18.44306533 11.58987906 16.50348249
 18.8043174   3.64636471 19.99601911  8.31331482  2.43190615  8.06768481
  7.81135813  7.69836448  3.50223782  0.77190054  4.25835317 16.42832281
  3.94134533 19.83811993]
2.9919094724741626
134977.171875
558.443359375
103.14954376220703
24.134092330932617
8.70634651184082
4.373137474060059
2.283085584640503
1.3490667343139648
0.8446971774101257
0.5487211346626282
0.8544149994850159
0.2498302459716797
0.17285476624965668
0.12155971676111221
0.2525525987148285
10 EVALUATION
2646.7448321641978
currentg=11
groups
[ 5.09377507 16.40213621  4.75075034  9.25284378 11.02264321 19.40875363
 10.38737548 16.47041929 18.76205335 18.14347487  6.44574358  4.9535473
  7.69498104  8.02814486  9.93455854  7.99551122  7.28457131 17.3067376
 14.1979176   6.88508211]
[12.1114821   1.28898677 15.47562007 16.10507357 16.97888232  7.77276081
  8.76546214  5.7187356  18.02784551 14.84344303  1.54141527 19.78161426
  3.30118988  8.85069894 15.47328361 14.18848987  0.68275805  4.89449583
 15.17577171  5.8363061 ]
3.1621763894513606
97802.703125
502.8458557128906
92.2602310180664
69.30902862548828
27.963850021362305
8.148767471313477
5.393809795379639
3.801586866378784
2.8114378452301025
2.1831068992614746
1.6819676160812378
1.3446842432022095
6.4908270835876465
0.9410133361816406
0.7481368184089661
11 EVALUATION
2965.3086479294243
currentg=12
groups
[ 1.98572156  4.74179777 11.39826016  8.77826293 18.44280675  2.5349755
  6.01038048 19.38319029 15.04214039 11.36037494 11.1331256  19.47185963
  0.79973167  7.45643916 17.17371837  2.92917158 18.65458869 17.4628979
 18.3158245  13.40986019]
[12.35818314 18.69685681 14.73467068  2.56200727 10.6791664   5.98431472
 11.86314327 19.63765553 11.25590877 19.54890418 11.137824   19.30419381
  3.50317577  2.4535292  10.09422884 10.01171306 15.54397184 18.50273186
 14.61018927  8.68365306]
2.063124208483714
97777.4140625
597.2047729492188
113.06854248046875
36.605857849121094
17.579362869262695
10.551665306091309
7.36121940612793
5.179671764373779
3.9556150436401367
3.159240961074829
2.5505783557891846
2.1195242404937744
1.8117161989212036
1.5339055061340332
1.3280600309371948
12 EVALUATION
1269.2186506009048
currentg=13
groups
[ 1.45621322  9.24211467  0.85811836  9.56263511  3.78217961  0.16060212
 16.35022719 16.2321959   1.33106414 12.62681994 14.16359155 15.99627732
  8.3888554   0.25111421 11.08365398 16.85949309 16.4009929   1.28237174
  3.9597406  10.95493482]
[18.92213715  6.27930129  4.66109544  5.68575787  9.38485505 18.2284957
  6.89888117  1.79499611 13.65566703  0.7025435  18.22633949  2.42892458
 15.69796358 18.89330355 15.16020059  6.19716812  0.791868    8.48998224
 12.7645238  11.34189226]
1.6634153114123365
142767.25
817.377685546875
157.35008239746094
48.331878662109375
24.98802947998047
9.894830703735352
6.196693420410156
17.50222396850586
2.995711088180542
2.1913015842437744
1.8068503141403198
1.2418923377990723
0.9524463415145874
19.768695831298828
0.5789132714271545
13 EVALUATION
1524.792455692965
currentg=14
groups
[ 1.58684191  4.89531958  4.94457195 14.33583161  8.79808746 15.33523145
 11.68258034  2.88727398 11.32641352 11.18412308 11.77103604  2.27000784
 17.71499614  7.41944719  0.34685515 15.59382084 18.36449919 12.1008218
  2.45606553 14.88672048]
[17.6991341   7.5756238   0.59107915 11.16958749  7.53775536 11.20131977
  4.29490754 14.9098351  13.4949378   8.99077788  0.58789666 12.87229737
 11.39358297  0.45187854 18.24182603  8.64654762 19.69222033  8.10916425
  1.08972884 12.66090479]
2.8532601643164526
290306.375
1693.3187255859375
376.5751647949219
130.24014282226562
49.86027526855469
19.81066131591797
9.645182609558105
5.74043607711792
5.808051109313965
2.58164119720459
2.052112340927124
8.703161239624023
1.807237982749939
0.8060168623924255
1.9031453132629395
14 EVALUATION
2432.5054042566276
currentg=15
groups
[ 5.11051045 11.23066018 17.3931113   7.87215737  3.36947929  8.94271591
  5.31942683 13.64130845  0.37773656  9.97500052 13.59048016 13.82799221
 17.05841631  3.62504496 11.6760722   2.70899212 16.79974936 12.70594187
  9.75554263  1.99963953]
[ 9.08891381  1.74066601  7.45037307  9.11901887  0.05105422  4.75332281
  9.31357156  4.99000505  1.37144502  7.59860373 18.97174391 17.15498986
  8.15186348  0.07151782  3.55777934 14.11996269  5.84879304  9.50231793
 14.23199773  6.25519055]
3.6139716569914526
99143.3671875
150.71487426757812
30.73213768005371
10.891425132751465
50.95946502685547
3.1506149768829346
1.9160274267196655
1.218843936920166
0.8310623168945312
0.5602186918258667
0.3873942494392395
0.2786826193332672
0.5003796219825745
0.15470074117183685
40.64928436279297
15 EVALUATION
1530.0913410876515
currentg=16
groups
[11.01977978  2.04272077 10.83145121  3.86951361  8.38083532 10.06296346
  6.114474    1.23964653  5.70472947  9.50955757 11.85100922 17.03227827
  5.9551063  17.21290764 11.00892748  2.65464373 12.83098097  8.00650726
  3.025171    1.24576169]
[13.47445308 19.52954313  7.66532232  1.23124832 11.61326422 11.88418713
  7.23340247  8.14582448 19.33003807  8.94085769  1.55232778  5.81252262
  5.56752814  2.29915525  0.34146801 15.00781163 19.46373606  4.37107306
 15.94312359  9.29134424]
6.12591254965173
357365.21875
2075.273681640625
467.6169128417969
141.53163146972656
53.60752487182617
23.26227569580078
11.278759956359863
34.288639068603516
3.9926998615264893
2.5927743911743164
1.743398904800415
1.2055706977844238
2.7915709018707275
0.6214891076087952
0.45660534501075745
16 EVALUATION
2858.2325786647134
currentg=17
groups
[ 5.40890029  6.5030056   2.80189246 18.24962756 10.47939098 12.85293762
 19.81235064  3.77343941 18.74676684 10.53844762 12.49384026 15.8718359
 12.12910557 18.47049755 13.30747518  9.83921049  8.51479567  2.98114126
 15.71643232  4.64501524]
[ 9.08692596  7.77597594 19.02821604 11.53913316  1.99527403 18.0305384
 13.806347   10.96011233  9.28555814 14.03351458 17.53291556  7.80605847
 13.61684646  8.09142958 16.1719716  19.51119687 19.24633996 10.32454911
  8.27307135  8.7093693 ]
2.045400764668557
248401.53125
2051.156005859375
419.03729248046875
142.0609588623047
58.017913818359375
25.71059799194336
14.59168529510498
10.145050048828125
13.350622177124023
5.3525309562683105
4.201321125030518
3.4102392196655273
3.3452882766723633
2.428285837173462
2.008986711502075
17 EVALUATION
803.3791674654245
currentg=18
groups
[15.34314015  8.90920501  9.16238804  4.01945625  8.78722174 18.29292136
 19.76318175  7.55167239  7.72241242  9.36198499  1.98470009 17.99540689
 15.09983866 12.68862978  3.94934335 13.22634791  7.88390211 12.2469968
 19.88758973 15.50014932]
[ 8.59143128  3.45822922 17.26360026 17.37572598  5.34264533  9.50734767
 14.33604575  5.76970631 14.63541648 19.84330902 12.79743383 10.19065623
  7.62132525 11.99809562 17.67495926  0.15054991 17.13569294  5.92543456
  4.12967454 19.94412058]
6.027973965424735
101080.328125
508.82550048828125
87.81710052490234
23.39371109008789
39.743408203125
4.794348239898682
2.9493789672851562
44.05529022216797
1.41173255443573
1.0349993705749512
98.22874450683594
0.6141254305839539
0.46971285343170166
0.3576728403568268
0.4125865399837494
18 EVALUATION
1572.1080233096018
currentg=19
groups
[ 9.38359787 15.00667672 10.85687492 15.77405578 19.52662836  5.63952772
  6.72092832 16.24359129 13.47776055  1.04791566 17.74194588  7.54312949
  8.45629972 10.46001943 19.72864739 14.20505479  4.01008486 14.0359489
  2.05172081  1.26265074]
[14.82339454  8.32933925  1.7225148  18.92084026 15.25878155 10.13523167
  9.17309832  1.17258034 17.54218998 12.41379177 11.33878915 11.37330888
  2.64644595 16.81473019  0.51923622 12.87878221 13.59167477  6.74153074
 16.54253479 18.19748108]
5.013763367466709
305855.9375
2259.4365234375
412.3304443359375
126.86904907226562
52.09966278076172
23.13473892211914
11.466479301452637
7.027561187744141
4.756962299346924
3.454730272293091
10.020960807800293
2.184501886367798
1.6545792818069458
43.279747009277344
1.1276034116744995
19 EVALUATION
1894.3267958606186
